Tj = 25; 

v1 = 